name: dlnd
channels:
  - defaults
dependencies:
  - bokeh=0.12.14=py36_0
  - ca-certificates=2017.08.26=h94faf87_0
  - certifi=2018.1.18=py36_0
  - click=6.7=py36hec8c647_0
  - cloudpickle=0.5.2=py36_1
  - cycler=0.10.0=py36h009560c_0
  - cytoolz=0.9.0.1=py36hfa6e2cd_0
  - dask=0.17.2=py36_0
  - dask-core=0.17.2=py36_0
  - decorator=4.2.1=py36_0
  - distributed=1.21.4=py36_0
  - freetype=2.8=h51f8f2c_1
  - heapdict=1.0.0=py36_2
  - icc_rt=2017.0.4=h97af966_0
  - icu=58.2=ha66f8fd_1
  - imageio=2.2.0=py36had6c2d2_0
  - intel-openmp=2018.0.0=hd92c6cd_8
  - jinja2=2.10=py36h292fed1_0
  - jpeg=9b=hb83a4c4_2
  - kiwisolver=1.0.1=py36h12c3424_0
  - libpng=1.6.34=h79bbb47_0
  - libtiff=4.0.9=h0f13578_0
  - locket=0.2.0=py36hfed976d_1
  - markupsafe=1.0=py36h0e26971_1
  - matplotlib=2.2.2=py36h153e9ff_0
  - mkl=2018.0.1=h2108138_4
  - msgpack-python=0.5.5=py36he980bc4_0
  - networkx=2.1=py36_0
  - numpy=1.14.2=py36h5c71026_0
  - olefile=0.45.1=py36_0
  - openssl=1.0.2n=h74b6da3_0
  - packaging=17.1=py36_0
  - pandas=0.22.0=py36h6538335_0
  - partd=0.3.8=py36hc8e763b_0
  - pillow=5.0.0=py36h0738816_0
  - pip=9.0.1=py36_5
  - psutil=5.4.3=py36hfa6e2cd_0
  - pyparsing=2.2.0=py36h785a196_1
  - pyqt=5.6.0=py36hb5ed885_5
  - python=3.6.4=h0c2934d_3
  - python-dateutil=2.7.0=py36_0
  - pytz=2018.3=py36_0
  - pywavelets=0.5.2=py36hc649158_0
  - pyyaml=3.12=py36h1d1928f_1
  - qt=5.6.2=vc14h6f8c307_12
  - scikit-image=0.13.1=py36hfa6e2cd_1
  - scipy=1.0.0=py36h1260518_0
  - setuptools=38.5.1=py36_0
  - sip=4.18.1=py36h9c25514_2
  - six=1.11.0=py36h4db2310_1
  - sortedcontainers=1.5.9=py36_0
  - sqlite=3.22.0=h9d3ae62_0
  - tblib=1.3.2=py36h30f5020_0
  - tk=8.6.7=hcb92d03_3
  - toolz=0.9.0=py36_0
  - tornado=5.0=py36_0
  - vc=14=h0510ff6_3
  - vs2015_runtime=14.0.25123=3
  - wheel=0.30.0=py36h6c3ec14_1
  - wincertstore=0.2=py36h7fe50ca_0
  - yaml=0.1.7=hc54c509_2
  - zict=0.1.3=py36h2d8e73e_0
  - zlib=1.2.11=h8395fce_2
  - pip:
    - absl-py==0.1.11
    - astor==0.6.2
    - bleach==1.5.0
    - colorama==0.3.9
    - entrypoints==0.2.3
    - gast==0.2.0
    - grpcio==1.10.0
    - h5py==2.7.1
    - html5lib==0.9999999
    - ipykernel==4.8.2
    - ipython==6.2.1
    - ipython-genutils==0.2.0
    - ipywidgets==7.1.2
    - jedi==0.11.1
    - jsonschema==2.6.0
    - jupyter==1.0.0
    - jupyter-client==5.2.3
    - jupyter-console==5.2.0
    - jupyter-core==4.4.0
    - keras==2.1.5
    - markdown==2.6.11
    - mistune==0.8.3
    - nbconvert==5.3.1
    - nbformat==4.4.0
    - notebook==5.4.1
    - opencv-python==3.4.0.12
    - pandocfilters==1.4.2
    - parso==0.1.1
    - pickleshare==0.7.4
    - prompt-toolkit==1.0.15
    - protobuf==3.5.2.post1
    - pygments==2.2.0
    - pywinpty==0.5.1
    - pyzmq==17.0.0
    - qtconsole==4.3.1
    - scikit-learn==0.19.1
    - send2trash==1.5.0
    - simplegeneric==0.8.1
    - tensorboard==1.6.0
    - tensorflow-gpu==1.6.0
    - termcolor==1.1.0
    - terminado==0.8.1
    - testpath==0.3.1
    - tqdm==4.19.8
    - traitlets==4.3.2
    - wcwidth==0.1.7
    - werkzeug==0.14.1
    - widgetsnbextension==3.1.4
prefix: C:\Users\solmyr\Anaconda3\envs\dlnd

